[Global]
BaseGold=300
DeathStreakPenalty=0.15000000596046448
FirstBloodBonus=100
GoldPoolForAssist=0.5834
KillStreakBonus=0.16599999368190765
MaxKillStreakBonus=3.3329999446868896
MinDeathStreakPenalty=0.30000000000000004
MinDeathsForStreak=2
MinKillsForStreak=2

