[Global]
AssistDurationOverride=15.0
BaseGold=300
DeathStreakPenalty=0.20999999344348907
FirstBloodBonus=100
GoldPoolForAssist=0.5834
KillStreakBonus=0.1
MaxKillStreakBonus=1.6670000553131104
MinDeathStreakPenalty=0.05000000074505806
MinDeathsForStreak=2
MinKillsForStreak=2

