[DeathStreak]
DeathStreakPenalty=0.15000000596046448
MinDeathStreakPenalty=0.30000000000000004
MinDeathsForStreak=2

[Global]
BaseGold=300
FirstBloodBonus=100

[KillStreak]
KillStreakBonus=0.16599999368190765
MaxKillStreakBonus=3.3329999446868896
MinKillsForStreak=2

[UNKNOWN_HASHES]
unk3751BD15=0.583
