[MoveSpeed]
MajorMovePenaltyCoefficient=0.5
MajorMovePenaltyThreshold=490.0
MinorMovePenaltyCoefficient=0.8
MinorMovePenaltyThreshold=415.0
SlowMovePenaltyCoefficient=0.5
SlowMovePenaltyThreshold=220
WallPathingFactor=1.350000023841858

[UNKNOWN_HASHES]
unk34F126EC=1.2100000381469727
unkA2AB9F61=0
unkC9B5CEF0=1.4500000476837158
