[Clouds]
SpeedU=0.009999999776482582
SpeedV=0.009999999776482582
Texture="Cloud2.tga"
Tile=2000

