[FoW]
Color_blue=26
Color_green=12
Color_red=11

[UNKNOWN_HASHES]
unk01601FF8=165
unk02AF8572=168
unk03398FD5=171
unk118F5046=149
unk16CE91AC=234
unk203CCCD4=129
unk2CFAF2EB=235
unk338DDAFA=174
unk3EEAD586=137
unk48DF85B0=0.05490000173449516
unk49BA3C39=200
unk64292BD5=163
unk67928FB2=174
unk6C66F125=186
unk82935264=254
unk82D73487=216
unk836FA33F=171
unk9167A131=215
unkA34342FE=0.8888999819755554
unkA55D21D3=0.7555999755859375
unkA8158AD6=116
unkBDE52D48=113
unkBEC32671=128
unkC3F399E4=168
unkC75C0240=162
unkC8B7D69B=0.18039999902248383
unkD6E0CD57=155
unkD78B0E79=182
unkE4A83E51=0
unkE7BA3EC7=179
unkED0D2E96=191
unkED87D07F=0.5612000226974487 -0.8270999789237976 0.031199999153614044
unkEDC8AB63=142
