[EXP]
Level10=5875
Level11=6900
Level12=8015
Level13=9220
Level14=10525
Level15=12055
Level16=13935
Level17=16290
Level18=19245
Level19=22200
Level2=300
Level20=25155
Level21=28110
Level22=31065
Level23=34020
Level24=36975
Level25=39930
Level26=42885
Level27=45840
Level28=48795
Level29=51750
Level3=700
Level30=54705
Level4=1300
Level5=1875
Level6=2525
Level7=3250
Level8=4050
Level9=4925

[ExpGrantedOnDeath]
BaseExpMultiple=0.550000011920929
LevelDifferenceExpMultiple=0.11999999731779099
MinimumExpMultiple=0.15000000596046448

