[Gamma]
Brightness=1.0499999523162842
Contrast=1.1200000047683716
Gamma=0.9
Level=1.1

[UNKNOWN_HASHES]
unk23FA8914=0
