[ColorMap]
Enable=1

[Fog]
Blue=84
Enable=1
Green=62
Max_height=188.88890075683594
Max_opaque_height=-411.1111145019531
Max_radius=0
Min_height=22.222299575805664
Min_opaque_height=-877.7777709960938
Min_radius=-0.009999999776482582
Opacity=1.0
Red=34

[HeightBlending]
Enable=1
Layer0_scale=1.9443999528884888
Layer1_scale=1.0
Layer2_scale=1.4443999528884888
Layer3_scale=1.1110999584197998

[UNKNOWN_HASHES]
unk100EC247=1000
unk1016C435=0
unk1C963601=0
unk21ECDBAF=0
unk23670A2A=128
unk2A124BF1=4
unk2C47B205=128
unk319E57B3=128
unk3318862E=128
unk60829502=0
unk65D93AB0=0
unk6753692B=255
unk70341106=192
unk758AB6B4=128
unk7704E52F=128
unk94BD77FF=0
unk9A141DAD=0
unk9B8E4C28=0
unkA46EF403=0
unkA9C599B1=128
unkAB3FC82C=128
unkB55AD83F=1
unkD8A9D700=0
unkDB014FE6=0
unkDE007CAE=0
unkDF7AAB29=64
unkE85B5304=64
unkEACFA008=1
unkEDB1F8B2=128
unkEF2C272D=128
