[EXP]
Level10=6120.0
Level11=7300.0
Level12=8580.0
Level13=9960.0
Level14=11440.0
Level15=13020.0
Level16=14700.0
Level17=16480.0
Level18=18360.0
Level19=20340.0
Level2=280.0
Level20=22420.0
Level3=660.0
Level4=1140.0
Level5=1720.0
Level6=2400.0
Level7=3180.0
Level8=4060.0
Level9=5040.0

[ExpGrantedOnDeath]
BaseExpMultiple=0.550000011920929
LevelDifferenceExpMultiple=0.07999999821186066
MinimumExpMultiple=0.15000000596046448

