[BehaviorTreeMetaData]
BehaviorTreeNodeLibraryClient="DATA\\Summoner\\SummonerBlockLibraryClient.xml"
BehaviorTreeNodeLibraryCommon="DATA\\Summoner\\SummonerBlockLibrary.xml"
BehaviorTreeNodeLibraryServer="DATA\\Summoner\\SummonerBlockLibraryServer.xml"

[Experience]
PlayerMinionSplitXP1=0.9200000166893005
PlayerMinionSplitXP2=0.550000011920929
PlayerMinionSplitXP3=0.36500000953674316
PlayerMinionSplitXP4=0.30000000000000004
PlayerMinionSplitXP5=0.23999999463558197

[LoadScreen]
ScreenToLoad="Default"

[UNKNOWN_HASHES]
unk054B796D="S4ScriptsBehaviorTrees.xml"
unk132252AF=180
unk1FECF7C3=10
unk3BCDC880=60.0
unk3DBCBFF5="Script1"
unk598C8D60=15
unk5DD070AB=5
unk5E057728="HQ_TeamBlue01"
unk64C3345A=180
unk6739C78F="S4Scripts.xml"
unk6998A785=60
unk7DF4CCB0=0.7
unk8D6A24A9=180
unkCD16092D=60
unkDBA34D33=30
unkDD87FFDA=1200
unkF1DD4CD7=5
unkF39D3990=0.7
