[Experience]
PlayerMinionSplitXP1=0.9200000166893005
PlayerMinionSplitXP2=0.550000011920929
PlayerMinionSplitXP3=0.367000013589859
PlayerMinionSplitXP4=0.2750000059604645
PlayerMinionSplitXP5=0.2199999988079071

[LoadScreen]
ScreenToLoad="Default"

[UNKNOWN_HASHES]
unk132252AF=180
unk39F9708A="DATA\\Summoner\\SummonerBlockLibrary.xml"
unk3BCDC880=60.0
unk3DBCBFF5="Script1"
unk5DD070AB=5
unk5E057728="HQ_TeamBlue01"
unk631C7CA1=10
unk64C3345A=180
unk6998A785=60
unkDD87FFDA=1200
unkDE400F52="DATA\\Summoner\\SummonerBlockLibrary.xml"
unkF39D3990=0.7
