[UNKNOWN_HASHES]
unk100EC247=400
unk1016C435=40
unk2A124BF1=4
unk44993440=0.8648999929428101 -0.49939998984336853 -0.04989999905228615
unk7B9E28DB=137.0 149.0 180.0
unk89EE8F7F=0.3822000026702881 -0.9226999878883362 -0.04989999905228615
unk90A985DA=106.0 163.0 237.0
unk91F25F86=22.0 28.0 101.0
unkB55AD83F=1
unkCD506187=19.0 92.0 194.0
unkDB014FE6=0
unkEACFA008=2
