[MeshSkin]
Animations="NamiSkin03.blnd"
ChampionSkinID=267003
ChampionSkinName="NamiSkin03"
Fresnel=0.1
FresnelBlue=0.05000000074505806
FresnelGreen=0.15000000596046448
FresnelRed=0.25
GlossTexture="Nami_Skin03_TX_GM.dds"
ReflectionFresnel=0.8
ReflectionFresnelBlue=0.6000000000000001
ReflectionFresnelGreen=0.6000000000000001
ReflectionFresnelRed=0.6000000000000001
ReflectionMap="Nami_Skin03_TX_RM.dds"
ReflectionOpacityDirect=1.0
ReflectionOpacityGlancing=1.0
SelfIllumination=0.7000000000000001
SimpleSkin="Nami_Skin03.skn"
Skeleton="Nami_Skin03.skl"
SkinScale=1.0499999523162842
Texture="Nami_Skin03_TX_CM.dds"
YOffset=-0.30000001192092896

