[EXP]
Level10=6120.0
Level11=7300.0
Level12=8580.0
Level13=9960.0
Level14=11440.0
Level15=13020.0
Level16=14700.0
Level17=16480.0
Level18=18360.0
Level19=20340.0
Level2=280.0
Level20=22420.0
Level21=24000.0
Level22=25880.0
Level23=27760.0
Level24=29640.0
Level25=31520.0
Level26=33400.0
Level27=35280.0
Level28=37160.0
Level29=39040.0
Level3=660.0
Level30=40920.0
Level4=1140.0
Level5=1720.0
Level6=2400.0
Level7=3180.0
Level8=4060.0
Level9=5040.0

[ExpGrantedOnDeath]
BaseExpMultiple=0.6000000000000001
LevelDifferenceExpMultiple=0.07000000029802322
MinimumExpMultiple=0.2

