[PerLevelStatsFactor]
Level1=0
Level10=1
Level11=1.034999966621399
Level12=1.0700000524520874
Level13=1.1050000190734863
Level14=1.1399999856948853
Level15=1.1749999523162842
Level16=1.2100000381469727
Level17=1.2450000047683716
Level18=1.2799999713897705
Level19=1.315000057220459
Level2=0.7200000286102295
Level20=1.350000023841858
Level21=1.3849999904632568
Level22=1.4199999570846558
Level23=1.4550000429153442
Level24=1.4900000095367432
Level25=1.524999976158142
Level26=1.559999942779541
Level27=1.5950000286102295
Level28=1.6299999952316284
Level29=1.6649999618530273
Level3=0.7549999952316284
Level30=1.7000000000000002
Level4=0.7900000214576721
Level5=0.824999988079071
Level6=0.8600000143051147
Level7=0.8949999809265137
Level8=0.9300000071525574
Level9=0.9649999737739563

