[Environment]
DevMark="Watermark.dds"
Lighting=0
Renderer="baked"
ShadowBlur=1
ShadowColor=125.0 135.0 185.0
ShadowDynamicOnly=0

[FoW]
BlurKernelSigma=-1
EdgeEnhancement=0.375
FadeFinish=-15000
FadeStart=-100

[Fog]
Blue=44
Enable=0
Green=42
Max_height=-11.111100196838379
Max_opaque_height=89.8906021118164
Max_radius=1.0
Min_height=-1000.0
Min_opaque_height=-40000.0
Min_radius=0.45559999346733093
Opacity=0
Red=38
UseOpacityMap=1

[UNKNOWN_HASHES]
unk100EC247=400
unk1016C435=40
unk2A124BF1=4
unk5C1472E0=1.25
unk63C836B6=40.0
unk7B9E28DB=246.0 252.0 250.0
unk89EE8F7F=0.29670000076293945 -0.9520000219345093 0.07509999722242355
unkB55AD83F=1
unkCCE742F8=0
unkCD506187=72.0 72.0 73.0
unkDB014FE6=0
unkEACFA008=2
