[Gamma]
Brightness=1.0199999809265137
Contrast=1.0299999713897705
Gamma=0.98
Level=1.4000000000000001

[UNKNOWN_HASHES]
unk23FA8914=1
