[Shader]
HasTangent=1
Pixel="StandardEnviromentPrePass"
Vertex="StandardEnviromentPrePass"

[System]
Enabled=1

[UNKNOWN_HASHES]
unk05C9097B=2.6
unk0A9F020D=8.0
unk0FE0367B="Data\\Characters\\Mordekaiser_Ult\\Test_Env2.dds"
unk13DC094C=0.13
unk222E2CB4=0.20000000298023224 0.15000000596046448 0.15000000596046448
unk227C46B4=0.6000000000000001
unk240BB681=0.18799999356269836
unk24BD169F=0.5
unk2B20EBDC=1
unk380BD4B8=1.0
unk4C768AE3="Data\\Characters\\Mordekaiser_Ult\\Mordekaiser_TX_NM.dds;"
unk581A1C74=0.86
unk65FB7583="Data\\Characters\\Mordekaiser_Ult\\Mordekaiser_TX_NM.dds"
unk7A1CBA3D=1
unk7FD75892=1.0
unk8A867DCF="Data\\Characters\\Mordekaiser_Ult\\Mordekaiser_TX_SM.dds"
unkB1BDE82C=0.949999988079071
unkC0B82C5C="0.0;"
unkFA3601DB=0.1
