[DeathTimeScaling]
IncrementTime=60
PercentCap=1.440000057220459
PercentIncrease=0.02500000037252903
StartTime=1800

[TimeDeadPerLevel]
Level01=40
Level02=40
Level03=40
Level04=40
Level05=3500000
Level06=3800000
Level07=3800000
Level08=4000000
Level09=4000000
Level10=4200000
Level11=4200000
Level12=4800000
Level13=5400000
Level14=5400000
Level15=5900000
Level16=5900000
Level17=6400000
Level18=6400000

