[EXP]
Level10=5875
Level11=6900
Level12=8015
Level13=9220
Level14=10525
Level15=12055
Level16=13935
Level17=16290
Level18=19245
Level2=1
Level3=2
Level4=1300
Level5=1875
Level6=2525
Level7=3250
Level8=4050
Level9=4925

[EXPTutorial]
Level10=120000
Level11=130000
Level12=140000
Level13=150000
Level14=160000
Level15=170000
Level16=180000
Level17=190000
Level18=200000
Level2=100.0
Level3=6200.0
Level4=20000.0
Level5=70000
Level6=80000
Level7=90000
Level8=100000
Level9=110000

[ExpGrantedOnDeath]
BaseExpMultiple=0.550000011920929
LevelDifferenceExpMultiple=0.07999999821186066
MinimumExpMultiple=0.15000000596046448

