[UNKNOWN_HASHES]
unk1A87B910=2
unk2142DBFE="HEMI_SPHERE"
unk261A9ECE=7
unk2C12A8D8=100
unk2E2F7401=0.15000000596046448
unk3486BCB5=800
unk3946029A=0
unk3A7BDCE8=0.1
unk45778BBD=2500
unk4EDCADD9=1.0
unk50433DC2=40
unk627B4248=0.009999999776482582
unk7028C66B="LINEAR"
unk74BCAC01=2.0
unk77ACF65B=0.0010000000474974513
unk854E6936=1300
unk88ACF84F=0.009999999776482582
unkCC0F5040=1
unkCF1DB448=-3.0
unkD2FA30DA=-0.10000000149011612
unkD5A68748=0.5
unkEE589688=0.1
unkEEE11ECE=300
unkF4AFDF3C=900
unkF9861EA4="LINEAR"
unkFB820CB6=3.0
unkFE4A3F6B=1
