[MeshSkin]
Animations="Garen.blnd"
ChampionSkinID=86000
ChampionSkinName="Garen"
Fresnel=0.30000000000000004
FresnelBlue=0.30000000000000004
FresnelGreen=0.30000000000000004
FresnelRed=0.30000000000000004
GlossTexture="Garen_base_TX_GM.dds"
ReflectionFresnel=0.30000000000000004
ReflectionFresnelBlue=0.30000000000000004
ReflectionFresnelGreen=0.30000000000000004
ReflectionFresnelRed=0.30000000000000004
ReflectionMap="Garen_base_TX_RM.dds"
ReflectionOpacityDirect=0.5
ReflectionOpacityGlancing=0.5
SelfIllumination=0.7000000000000001
SimpleSkin="Garen.skn"
Skeleton="Garen.skl"
SkinScale=1.0
Texture="Garen_base_TX_CM.dds"

