[System]
Enabled=1

[UNKNOWN_HASHES]
unk00F83C3A=0.1
unk05C9097B=1
unk0A9F020D=10.3
unk0FE0367B="Data\\SharedTextures\\Default_Ult_TX_EM.dds"
unk222E2CB4=0.20000000298023224 0.15000000596046448 0.15000000596046448
unk227C46B4=0
unk2B20EBDC=0.8
unk380BD4B8=2.5
unk527417F4=0.6000000000000001
unk65FB7583="Data\\Characters\\Red_Minion_Superminion\\red_superminion_base_TX_NM.dds"
unk7A1CBA3D=5
unk7FD75892=0
unk8A867DCF="Data\\Characters\\Red_Minion_Superminion\\red_superminion_base_TX_SM.dds"
unkB1BDE82C=0.949999988079071
unkC0B82C5C=0
unkFA3601DB=0.1
