[Clouds]
SpeedU=0.0013000000035390258
SpeedV=-0.009999999776482582
Texture="Cloud3.tga"
Tile=15000

