[FoW]
Color_blue=47
Color_green=23
Color_red=0
Upscale=0

[UNKNOWN_HASHES]
unk01601FF8=255
unk02AF8572=253
unk03398FD5=74
unk118F5046=78
unk16CE91AC=8
unk203CCCD4=78
unk2CFAF2EB=0
unk338DDAFA=255
unk3EEAD586=255
unk48DF85B0=0.20389999449253082
unk49BA3C39=254
unk64292BD5=72
unk67928FB2=0
unk6C66F125=255
unk82935264=254
unk82D73487=253
unk836FA33F=7
unk9167A131=7
unkA34342FE=1.3111000061035156
unkA55D21D3=1.0
unkA8158AD6=75
unkBDE52D48=74
unkBEC32671=255
unkC3F399E4=253
unkC75C0240=0
unkC8B7D69B=0.11760000139474869
unkD6E0CD57=79
unkD78B0E79=253
unkE4A83E51=0
unkE7BA3EC7=72
unkED0D2E96=72
unkED87D07F=-0.07810000330209732 -0.875 0.47780001163482666
unkEDC8AB63=255
