[FoW]
Color_blue=66
Color_green=41
Color_red=15
Fade=0.3499999940395355

[UNKNOWN_HASHES]
unk01601FF8=234
unk02AF8572=79
unk03398FD5=40
unk118F5046=120
unk16CE91AC=239
unk203CCCD4=120
unk2CFAF2EB=114
unk338DDAFA=241
unk3EEAD586=228
unk48DF85B0=0.5490000247955322
unk49BA3C39=121
unk64292BD5=84
unk67928FB2=83
unk6C66F125=231
unk82935264=177
unk82D73487=129
unk836FA33F=236
unk9167A131=238
unkA34342FE=1.0
unkA55D21D3=1.0
unkA8158AD6=40
unkBDE52D48=40
unkBEC32671=236
unkC3F399E4=107
unkC75C0240=67
unkC8B7D69B=0.9569000005722046
unkD6E0CD57=129
unkD78B0E79=139
unkE4A83E51=0
unkE7BA3EC7=85
unkED0D2E96=86
unkED87D07F=-0.07810000330209732 -0.875 0.47780001163482666
unkEDC8AB63=239
