[FoW]
Color_blue=66
Color_green=41
Color_red=15
Fade=0.25

[UNKNOWN_HASHES]
unk01601FF8=255
unk02AF8572=253
unk03398FD5=255
unk118F5046=251
unk16CE91AC=8
unk203CCCD4=251
unk2CFAF2EB=0
unk338DDAFA=255
unk3EEAD586=255
unk48DF85B0=0.10980000346899033
unk49BA3C39=254
unk64292BD5=254
unk67928FB2=0
unk6C66F125=255
unk82935264=254
unk82D73487=253
unk836FA33F=7
unk9167A131=7
unkA34342FE=1.0
unkA55D21D3=1.0
unkA8158AD6=255
unkBDE52D48=255
unkBEC32671=255
unkC3F399E4=253
unkC75C0240=0
unkC8B7D69B=0.11760000139474869
unkD6E0CD57=253
unkD78B0E79=253
unkE4A83E51=0
unkE7BA3EC7=254
unkED0D2E96=254
unkED87D07F=-0.07810000330209732 -0.875 0.47780001163482666
unkEDC8AB63=255
