[EXP]
Level10=6480.0
Level11=7750.0
Level12=9130.0
Level13=10620.0
Level14=12220.0
Level15=13930.0
Level16=15750.0
Level17=17680.0
Level18=19720.0
Level19=21870.0
Level2=280.0
Level20=24130.0
Level3=670.0
Level4=1170.0
Level5=1780.0
Level6=2500.0
Level7=3330.0
Level8=4270.0
Level9=5320.0

[EXPTutorial]
Level10=200003
Level11=200004
Level12=200005
Level13=200006
Level14=200007
Level15=200008
Level16=200009
Level17=200010
Level18=200011
Level19=200012
Level2=100.0
Level20=200013
Level3=6200.0
Level4=20000.0
Level5=70000
Level6=80000
Level7=200000
Level8=200001
Level9=200002

[ExpGrantedOnDeath]
BaseExpMultiple=0.550000011920929
LevelDifferenceExpMultiple=0.07999999821186066
MinimumExpMultiple=0.15000000596046448

