[MeshSkin]
Animations="KassadinSkin05.blnd"
ArmorMaterial="Metal"
ChampionSkinID=38005
ChampionSkinName="KassadinSkin05"
Fresnel=0.2199999988079071
FresnelBlue=0.07999999821186066
FresnelGreen=0.30000000000000004
FresnelRed=0.1
ReflectionFresnel=0.6000000000000001
ReflectionFresnelBlue=0.6000000000000001
ReflectionFresnelGreen=0.6000000000000001
ReflectionFresnelRed=0.6000000000000001
SelfIllumination=0.7000000000000001
SimpleSkin="Kassadin_skin05.skn"
Skeleton="Kassadin_skin05.skl"
SkinScale=0.9
Texture="kassadin_skin05_TX_CM.dds"

