[MeshSkin]
Animations="Soraka_Skin05.blnd"
ChampionSkinID=16005
ChampionSkinName="SorakaSkin05"
Fresnel=0.1
FresnelBlue=0.05000000074505806
FresnelGreen=0.15000000596046448
FresnelRed=0.25
GlossTexture="Soraka_Skin05_TX_GM.dds"
OverrideBoundingBox=125.0 200.0 125.0
ReflectionFresnel=0.8
ReflectionFresnelBlue=0.6000000000000001
ReflectionFresnelGreen=0.6000000000000001
ReflectionFresnelRed=0.6000000000000001
ReflectionMap="Soraka_Skin05_TX_RM.dds"
ReflectionOpacityDirect=1.0
ReflectionOpacityGlancing=1.0
SelfIllumination=0.7000000000000001
SimpleSkin="Soraka_Skin05.skn"
Skeleton="Soraka_Skin05.skl"
SkinScale=1.2699999809265137
Texture="Soraka_Skin05_TX_CM.dds"

