[Shader]
HasTangent=1
Pixel="SIMPLE_SKIN_LIT_AND_WHITE_WITH_DEPTH_PS_3_0"
Vertex="SIMPLE_SKIN_LIT_AND_WHITE_WITH_DEPTH_VS_3_0"

[System]
Enabled=1

[UNKNOWN_HASHES]
unk00F83C3A=0.1
unk05C9097B=2
unk0A9F020D=30.299999237060547
unk222E2CB4=0.2 0.2 0.2
unk2B20EBDC=1.0
unk36643ECD=1.0 1.0 1.0
unk380BD4B8=2.5
unk527417F4=0.6000000000000001
unk56F7690C="DATA\\Characters\\Odin_SoG_Order\\Odin_SoG_Order.dds"
unk7A1CBA3D=5
unk7FD75892=0
unkB1BDE82C=0.949999988079071
unkC0B82C5C=0
unkFA3601DB=0.1
