[Clouds]
SpeedU=0.00430000014603138
SpeedV=0.0020000000949949026
Texture="Cloud2.tga"
Tile=12000

[UNKNOWN_HASHES]
unk9745D474="SandTestClouds.dds"
unkAEF38FF5=14000
unkC8BF8115=0
unkC8BF8116=0
