[UNKNOWN_HASHES]
unk7B9E28DB=188.0 127.0 38.0
unk89EE8F7F=0.3822000026702881 -0.9226999878883362 -0.04989999905228615
unkCD506187=7.0 30.0 68.0
