[UNKNOWN_HASHES]
unk45977378=2.0 2.0 0.05000000074505806 0.05000000074505806
unk7B9E28DB=155.0 125.0 83.0
unk89EE8F7F=-0.5353999733924866 -0.8382999897003174 -0.10360000282526016
unkCD506187=7.0 31.0 68.0
