[MeshSkin]
Animations="Galio_Skin05.blnd"
ChampionSkinID=3005
ChampionSkinName="Galio_Skin05"
Fresnel=0.05000000074505806
FresnelBlue=0.6499999761581421
FresnelGreen=0.5
FresnelRed=0.5
GlossTexture="Galio_Skin05_TX_GM.dds"
Metadata="skinline:debonair"
ReflectionFresnel=0.8
ReflectionFresnelBlue=0.6000000000000001
ReflectionFresnelGreen=0.6000000000000001
ReflectionFresnelRed=0.6000000000000001
ReflectionMap="Galio_Skin05_TX_RM.dds"
ReflectionOpacityDirect=0.6000000000000001
ReflectionOpacityGlancing=0.6000000000000001
SelfIllumination=0.7000000000000001
SimpleSkin="galio_Skin05.skn"
Skeleton="galio_Skin05.skl"
SkinScale=0.8500000238418579
Texture="Galio_Skin05_TX_CM.dds"
YOffset=-1

