[DeathTimeScaling]
IncrementTime=60
PercentCap=1.5099999904632568
PercentIncrease=0.029999999329447746
StartTime=1800

[TimeDeadPerLevel]
Level01=30
Level02=30
Level03=30
Level04=35
Level05=35
Level06=38
Level07=38
Level08=41
Level09=41
Level10=46
Level11=53
Level12=60
Level13=67
Level14=67
Level15=74
Level16=74
Level17=80
Level18=80

