[Clouds]
SpeedU=0.017500000074505806
SpeedV=-0.017500000074505806
Texture="Cloud2.tga"
Tile=4000

