[UNKNOWN_HASHES]
unk01601FF8=248
unk02AF8572=253
unk03398FD5=37
unk2CFAF2EB=64
unk338DDAFA=93
unk3EEAD586=244
unk48DF85B0=0.9646999835968018
unk49BA3C39=254
unk64292BD5=64
unk67928FB2=64
unk6C66F125=240
unk82935264=254
unk82D73487=253
unkA34342FE=0.3889000117778778
unkA55D21D3=0
unkA8158AD6=36
unkBDE52D48=36
unkBEC32671=94
unkC3F399E4=253
unkC75C0240=65
unkC8B7D69B=0.9725000262260437
unkD78B0E79=253
unkE4A83E51=0
unkE7BA3EC7=64
unkED0D2E96=64
unkEDC8AB63=98
