[ColorMap]
Enable=1

[Environment]
ShadowBlur=0
ShadowColor=1.0 45.0 90.0
ShadowDynamicOnly=1

[FoW]
Upscale=0

[Fog]
Blue=255
Enable=1
Green=110
Max_height=766.6666259765625
Max_opaque_height=-18361.1113
Max_radius=2.844399929046631
Min_height=-5000.1001
Min_opaque_height=-32711.1113
Min_radius=0.2
Opacity=1.0
Red=69
UseOpacityMap=1

[HeightBlending]
Enable=0
Layer0_scale=1.0
Layer1_scale=1.0
Layer2_scale=1.0
Layer3_scale=1.0

[UNKNOWN_HASHES]
unk100EC247=400
unk1016C435=40
unk1C963601=0
unk21ECDBAF=0
unk23670A2A=128
unk2A124BF1=4
unk2C47B205=128
unk319E57B3=128
unk3318862E=128
unk60829502=0
unk65D93AB0=0
unk6753692B=255
unk70341106=192
unk758AB6B4=128
unk7704E52F=128
unk7B9E28DB=157.0 158.0 132.0
unk89EE8F7F=0.3822000026702881 -0.9226999878883362 -0.04989999905228615
unk94BD77FF=0
unk9A141DAD=0
unk9B8E4C28=0
unkA46EF403=0
unkA9C599B1=128
unkAB3FC82C=128
unkB55AD83F=0
unkCD506187=160.0 165.0 133.0
unkD8A9D700=0
unkDB014FE6=0
unkDE007CAE=0
unkDF7AAB29=64
unkE85B5304=64
unkEACFA008=2
unkEDB1F8B2=128
unkEF2C272D=128
