[MeshSkin]
Animations="Nami.blnd"
ChampionSkinID=267000
ChampionSkinName="Nami"
Fresnel=0.1
FresnelBlue=0.30000000000000004
FresnelGreen=0.30000000000000004
FresnelRed=0.30000000000000004
GlossTexture="nami_base_TX_GM.dds"
ReflectionFresnel=0.30000000000000004
ReflectionFresnelBlue=0.7000000000000001
ReflectionFresnelGreen=0.7000000000000001
ReflectionFresnelRed=0.7000000000000001
ReflectionMap="nami_base_TX_RM.dds"
ReflectionOpacityDirect=1.0
ReflectionOpacityGlancing=1.0
SelfIllumination=0.7000000000000001
SimpleSkin="Nami.skn"
Skeleton="Nami.skl"
SkinScale=1.0499999523162842
Texture="Nami_base_TX_CM.dds"

