[UNKNOWN_HASHES]
unk122796A1=5253
unk2853F7E0="1.66 Apen"
unk3316C3A0=511
unk3316C3A1=512
unk3316C3A2=513
unk3316C3A3=521
unk3316C3A4=522
unk3316C3A5=523
unk33310CAD=5213
unk3E80591F=14.9399995803833
unk495D6DEC="1.75 AD"
unk5F89CF2B=1.75
unk75B6306A=5253
unk8BE291A9="1.66 Apen"
unkA20EF2E8=14.9399995803833
unkA8C27E97=511
unkA8C27E98=512
unkA8C27E99=513
unkA8C27E9A=521
unkA8C27E9B=522
unkA8C27E9C=523
unkCFA272E4=5213
unkE5CED423="1.75 AD"
unkFBFB3562=1.75
