[UNKNOWN_HASHES]
unk122796A1=5268
unk2853F7E0=".1 AP/Level"
unk3316C3A0=511
unk3316C3A1=512
unk3316C3A2=513
unk3316C3A3=521
unk3316C3A4=522
unk3316C3A5=523
unk33310CAD=5235
unk3E80591F=0.9
unk495D6DEC="3.85 Ap"
unk5F89CF2B=3.8499999046325684
unk75B6306A=5268
unk8BE291A9=".1 AP/Level"
unkA20EF2E8=0.9
unkA8C27E97=511
unkA8C27E98=512
unkA8C27E99=513
unkA8C27E9A=521
unkA8C27E9B=522
unkA8C27E9C=523
unkCFA272E4=5235
unkE5CED423="3.85 Ap"
unkFBFB3562=3.8499999046325684
