[Clouds]
SpeedU=0.00430000014603138
SpeedV=0.0020000000949949026
Texture="Cloud2.tga"
Tile=12000

