[EXP]
Level10=5184.0
Level11=6200.0
Level12=7304.0
Level13=8496.0
Level14=9776.0
Level15=11144.0
Level16=12600.0
Level17=14144.0
Level18=15776.0
Level2=224.0
Level3=536.0
Level4=936.0
Level5=1424.0
Level6=2000.0
Level7=2664.0
Level8=3416.0
Level9=4256.0

[ExpGrantedOnDeath]
BaseExpMultiple=0.550000011920929
LevelDifferenceExpMultiple=0.07999999821186066
MinimumExpMultiple=0.15000000596046448

